(chameleon) 0.678 0.736 0.800 0.070 0.671 0.508 0.900 0.714 0.558 0.522 1.000 0.993 1.000
(frog) 0.119 0.520 0.807 0.056 0.138 0.097 0.853 0.157 0.111 0.168 1.000 0.313 0.484
(glowwormbeetle) 0.846 0.891 0.967 0.021 0.872 0.778 0.979 0.887 0.799 0.898 1.000 0.983 0.999
(scorpion1) 0.311 0.631 0.778 0.021 0.354 0.244 0.860 0.382 0.266 0.433 1.000 0.913 0.957
(scorpion2) 0.401 0.641 0.635 0.041 0.396 0.275 0.816 0.485 0.358 0.301 1.000 0.827 0.833
(scorpion3) 0.307 0.644 0.872 0.006 0.353 0.246 0.946 0.369 0.262 0.457 1.000 0.765 0.994
(scorpion4) 0.646 0.776 0.806 0.041 0.641 0.509 0.923 0.724 0.587 0.558 1.000 0.974 0.997
(snail) 0.928 0.950 0.990 0.007 0.932 0.875 0.995 0.939 0.886 0.935 1.000 0.993 1.000
(stickinsect) 0.000 0.474 0.788 0.015 0.000 0.000 0.971 0.010 0.005 0.004 1.000 0.000 0.061
(Dataset) wFm Sm meanEm MAE meanDic meanIoU maxEm maxDice maxIoU meanSen maxSen meanSpe maxSpe
 (CAD2016_gt) 0.471 0.696 0.827 0.031 0.484 0.392 0.848 0.504 0.410 0.475 1.000 0.751 0.792
