(chameleon) 0.567 0.661 0.805 0.091 0.592 0.432 0.879 0.620 0.454 0.499 1.000 0.974 0.998
(frog) 0.119 0.522 0.758 0.038 0.137 0.100 0.823 0.157 0.111 0.155 1.000 0.248 0.423
(glowwormbeetle) 0.285 0.566 0.711 0.083 0.304 0.225 0.805 0.342 0.250 0.283 1.000 0.906 0.975
(scorpion1) 0.197 0.563 0.826 0.023 0.232 0.160 0.882 0.243 0.165 0.298 1.000 0.741 0.966
(scorpion2) 0.419 0.640 0.733 0.044 0.429 0.310 0.854 0.462 0.335 0.364 1.000 0.822 0.873
(scorpion3) 0.095 0.537 0.600 0.016 0.141 0.090 0.664 0.155 0.103 0.302 1.000 0.548 0.918
(scorpion4) 0.494 0.702 0.736 0.056 0.489 0.380 0.930 0.630 0.496 0.414 1.000 0.946 0.991
(snail) 0.839 0.909 0.969 0.013 0.886 0.800 0.992 0.916 0.846 0.964 1.000 0.985 0.999
(stickinsect) 0.151 0.562 0.727 0.013 0.195 0.116 0.873 0.214 0.126 0.364 1.000 0.929 0.990
(Dataset) wFm Sm meanEm MAE meanDic meanIoU maxEm maxDice maxIoU meanSen maxSen meanSpe maxSpe
 (CAD2016_gt) 0.352 0.629 0.763 0.042 0.378 0.290 0.791 0.397 0.301 0.405 1.000 0.789 0.867
