(chameleon) 0.632 0.765 0.808 0.082 0.657 0.503 0.892 0.727 0.577 0.615 1.000 0.965 1.000
(frog) 0.443 0.746 0.783 0.029 0.505 0.364 0.909 0.585 0.434 0.571 1.000 0.961 0.998
(glowwormbeetle) 0.049 0.453 0.477 0.100 0.041 0.024 0.863 0.198 0.114 0.038 1.000 0.394 0.888
(scorpion1) 0.147 0.577 0.636 0.028 0.170 0.110 0.930 0.222 0.149 0.231 1.000 0.690 0.973
(scorpion2) 0.159 0.509 0.571 0.069 0.145 0.095 0.836 0.294 0.196 0.126 1.000 0.589 0.880
(scorpion3) 0.078 0.560 0.596 0.011 0.107 0.068 0.838 0.150 0.103 0.184 1.000 0.404 0.907
(scorpion4) 0.354 0.648 0.618 0.073 0.344 0.235 0.868 0.498 0.348 0.313 1.000 0.896 0.992
(snail) 0.677 0.869 0.899 0.026 0.772 0.642 0.987 0.859 0.753 0.864 1.000 0.976 1.000
(stickinsect) 0.044 0.514 0.602 0.018 0.043 0.023 0.864 0.091 0.048 0.123 1.000 0.593 0.974
(Dataset) wFm Sm meanEm MAE meanDic meanIoU maxEm maxDice maxIoU meanSen maxSen meanSpe maxSpe
 (CAD2016_gt) 0.287 0.627 0.666 0.048 0.309 0.229 0.795 0.363 0.271 0.341 1.000 0.719 0.901
