(chameleon) 0.685 0.734 0.809 0.069 0.678 0.516 0.866 0.703 0.545 0.531 1.000 0.992 0.999
(frog) 0.128 0.517 0.845 0.055 0.148 0.107 0.867 0.152 0.111 0.167 1.000 0.279 0.293
(glowwormbeetle) 0.887 0.903 0.979 0.016 0.899 0.819 0.984 0.906 0.829 0.905 1.000 0.987 0.998
(scorpion1) 0.318 0.614 0.812 0.020 0.359 0.245 0.841 0.365 0.249 0.425 1.000 0.931 0.945
(scorpion2) 0.405 0.670 0.642 0.041 0.402 0.276 0.738 0.440 0.313 0.298 1.000 0.827 0.832
(scorpion3) 0.329 0.645 0.882 0.006 0.369 0.256 0.917 0.374 0.260 0.465 1.000 0.794 0.799
(scorpion4) 0.656 0.766 0.821 0.041 0.654 0.522 0.888 0.702 0.569 0.572 1.000 0.990 0.999
(snail) 0.924 0.945 0.990 0.007 0.931 0.873 0.995 0.937 0.883 0.947 1.000 0.992 0.999
(stickinsect) 0.000 0.475 0.827 0.014 0.000 0.000 0.934 0.010 0.005 0.004 1.000 0.000 0.000
(Dataset) wFm Sm meanEm MAE meanDic meanIoU maxEm maxDice maxIoU meanSen maxSen meanSpe maxSpe
 (CAD2016_gt) 0.481 0.696 0.845 0.030 0.493 0.401 0.850 0.502 0.409 0.479 1.000 0.755 0.761
