(chameleon) 0.628 0.686 0.834 0.079 0.645 0.479 0.902 0.665 0.499 0.530 1.000 0.980 0.998
(frog) 0.407 0.698 0.825 0.033 0.494 0.372 0.871 0.526 0.412 0.643 1.000 0.784 0.857
(glowwormbeetle) 0.234 0.541 0.583 0.079 0.240 0.160 0.838 0.375 0.246 0.192 1.000 0.883 0.982
(scorpion1) 0.171 0.563 0.753 0.023 0.211 0.141 0.788 0.222 0.151 0.280 1.000 0.674 0.843
(scorpion2) 0.415 0.665 0.752 0.044 0.446 0.321 0.878 0.456 0.331 0.410 1.000 0.818 0.914
(scorpion3) 0.187 0.592 0.739 0.008 0.231 0.151 0.835 0.262 0.174 0.300 1.000 0.671 0.916
(scorpion4) 0.476 0.702 0.702 0.055 0.482 0.365 0.839 0.542 0.419 0.424 1.000 0.825 0.968
(snail) 0.882 0.934 0.978 0.009 0.912 0.843 0.995 0.945 0.896 0.966 1.000 0.988 1.000
(stickinsect) 0.041 0.496 0.688 0.016 0.054 0.031 0.837 0.063 0.035 0.106 1.000 0.336 0.864
(Dataset) wFm Sm meanEm MAE meanDic meanIoU maxEm maxDice maxIoU meanSen maxSen meanSpe maxSpe
 (CAD2016_gt) 0.382 0.653 0.762 0.039 0.413 0.318 0.791 0.426 0.329 0.428 1.000 0.773 0.898
