(chameleon) 0.732 0.834 0.894 0.061 0.780 0.651 0.905 0.793 0.668 0.816 1.000 0.955 0.999
(frog) 0.212 0.575 0.830 0.055 0.264 0.183 0.893 0.276 0.193 0.371 1.000 0.610 0.836
(glowwormbeetle) 0.212 0.534 0.654 0.107 0.254 0.160 0.692 0.345 0.226 0.303 1.000 0.781 0.885
(scorpion1) 0.209 0.565 0.718 0.030 0.239 0.168 0.762 0.250 0.176 0.295 1.000 0.699 0.837
(scorpion2) 0.271 0.584 0.666 0.105 0.299 0.200 0.710 0.314 0.214 0.301 1.000 0.754 0.813
(scorpion3) 0.366 0.677 0.774 0.014 0.424 0.295 0.864 0.442 0.312 0.611 1.000 0.924 0.989
(scorpion4) 0.482 0.699 0.760 0.064 0.496 0.358 0.799 0.528 0.374 0.411 1.000 0.976 0.999
(snail) 0.622 0.797 0.878 0.033 0.747 0.600 0.981 0.818 0.696 0.973 1.000 0.963 0.995
(stickinsect) 0.031 0.488 0.783 0.015 0.036 0.022 0.836 0.042 0.023 0.059 1.000 0.274 0.544
(Dataset) wFm Sm meanEm MAE meanDic meanIoU maxEm maxDice maxIoU meanSen maxSen meanSpe maxSpe
 (CAD2016_gt) 0.349 0.639 0.773 0.054 0.393 0.293 0.794 0.404 0.301 0.460 1.000 0.771 0.822
