(chameleon) 0.600 0.691 0.808 0.084 0.618 0.452 0.902 0.651 0.486 0.506 1.000 0.978 1.000
(frog) 0.098 0.520 0.606 0.035 0.108 0.081 0.891 0.117 0.091 0.107 1.000 0.199 0.281
(glowwormbeetle) 0.112 0.484 0.434 0.086 0.102 0.062 0.833 0.400 0.254 0.085 1.000 0.559 0.954
(scorpion1) 0.175 0.583 0.680 0.028 0.224 0.146 0.915 0.284 0.188 0.292 1.000 0.760 0.968
(scorpion2) 0.261 0.583 0.613 0.057 0.282 0.187 0.866 0.333 0.229 0.244 1.000 0.779 0.828
(scorpion3) 0.109 0.569 0.637 0.011 0.149 0.091 0.806 0.176 0.107 0.301 1.000 0.629 0.970
(scorpion4) 0.377 0.655 0.622 0.065 0.386 0.274 0.856 0.450 0.324 0.324 1.000 0.887 0.974
(snail) 0.837 0.933 0.968 0.013 0.884 0.798 0.993 0.927 0.865 0.938 1.000 0.986 1.000
(stickinsect) 0.112 0.557 0.628 0.018 0.167 0.095 0.904 0.214 0.123 0.356 1.000 0.931 0.993
(Dataset) wFm Sm meanEm MAE meanDic meanIoU maxEm maxDice maxIoU meanSen maxSen meanSpe maxSpe
 (CAD2016_gt) 0.298 0.619 0.666 0.044 0.324 0.243 0.732 0.356 0.266 0.350 1.000 0.745 0.848
