(chameleon) 0.414 0.582 0.706 0.116 0.435 0.294 0.711 0.437 0.295 0.361 1.000 0.965 0.970
(frog) 0.102 0.463 0.500 0.140 0.130 0.077 0.516 0.137 0.082 0.300 1.000 0.562 0.565
(glowwormbeetle) 0.717 0.774 0.935 0.039 0.757 0.618 0.938 0.760 0.622 0.785 1.000 0.973 0.977
(scorpion1) 0.136 0.549 0.484 0.016 0.147 0.094 0.489 0.152 0.098 0.147 1.000 0.376 0.378
(scorpion2) 0.401 0.594 0.902 0.057 0.455 0.302 0.904 0.456 0.303 0.460 1.000 0.966 0.969
(scorpion3) 0.076 0.516 0.468 0.015 0.074 0.043 0.469 0.074 0.043 0.063 1.000 0.332 0.333
(scorpion4) 0.533 0.667 0.902 0.060 0.579 0.411 0.905 0.581 0.412 0.563 1.000 0.968 0.972
(snail) 0.618 0.735 0.873 0.039 0.705 0.553 0.882 0.713 0.560 0.889 1.000 0.961 0.966
(stickinsect) 0.023 0.463 0.454 0.050 0.029 0.016 0.491 0.029 0.016 0.081 1.000 0.400 0.402
(Dataset) wFm Sm meanEm MAE meanDic meanIoU maxEm maxDice maxIoU meanSen maxSen meanSpe maxSpe
 (CAD2016_gt) 0.336 0.594 0.692 0.059 0.368 0.268 0.700 0.371 0.270 0.405 1.000 0.723 0.726
