(chameleon) 0.616 0.714 0.753 0.080 0.618 0.457 0.905 0.706 0.548 0.486 1.000 0.987 1.000
(frog) 0.204 0.584 0.743 0.041 0.246 0.172 0.876 0.303 0.215 0.293 1.000 0.511 0.679
(glowwormbeetle) 0.337 0.614 0.612 0.074 0.331 0.228 0.922 0.520 0.383 0.281 1.000 0.912 0.991
(scorpion1) 0.119 0.559 0.631 0.035 0.149 0.098 0.859 0.192 0.129 0.224 1.000 0.589 0.885
(scorpion2) 0.258 0.588 0.582 0.060 0.259 0.168 0.864 0.438 0.306 0.231 1.000 0.803 0.888
(scorpion3) 0.105 0.572 0.593 0.025 0.232 0.148 0.819 0.305 0.205 0.517 1.000 0.806 0.942
(scorpion4) 0.380 0.675 0.640 0.068 0.391 0.280 0.867 0.495 0.364 0.342 1.000 0.861 0.963
(snail) 0.565 0.783 0.850 0.042 0.730 0.592 0.988 0.883 0.792 0.952 1.000 0.954 1.000
(stickinsect) 0.022 0.509 0.601 0.016 0.016 0.008 0.942 0.082 0.043 0.065 1.000 0.266 0.965
(Dataset) wFm Sm meanEm MAE meanDic meanIoU maxEm maxDice maxIoU meanSen maxSen meanSpe maxSpe
 (CAD2016_gt) 0.289 0.622 0.667 0.049 0.330 0.239 0.774 0.383 0.275 0.377 1.000 0.743 0.889
