(chameleon) 0.726 0.770 0.851 0.061 0.722 0.570 0.923 0.760 0.618 0.593 1.000 0.991 1.000
(frog) 0.159 0.545 0.782 0.063 0.204 0.150 0.841 0.230 0.174 0.335 1.000 0.380 0.678
(glowwormbeetle) 0.716 0.840 0.913 0.040 0.798 0.673 0.972 0.852 0.746 0.937 1.000 0.959 0.997
(scorpion1) 0.315 0.628 0.786 0.025 0.393 0.268 0.910 0.424 0.301 0.577 1.000 0.933 0.968
(scorpion2) 0.459 0.658 0.721 0.038 0.474 0.351 0.791 0.504 0.379 0.421 1.000 0.822 0.833
(scorpion3) 0.433 0.696 0.805 0.006 0.502 0.353 0.925 0.524 0.378 0.735 1.000 0.991 0.998
(scorpion4) 0.697 0.803 0.881 0.037 0.719 0.592 0.910 0.734 0.608 0.697 1.000 0.982 0.999
(snail) 0.905 0.939 0.986 0.008 0.922 0.858 0.995 0.937 0.881 0.961 1.000 0.990 0.999
(stickinsect) 0.000 0.471 0.690 0.018 0.000 0.000 0.939 0.010 0.005 0.004 1.000 0.001 0.243
(Dataset) wFm Sm meanEm MAE meanDic meanIoU maxEm maxDice maxIoU meanSen maxSen meanSpe maxSpe
 (CAD2016_gt) 0.490 0.706 0.824 0.033 0.526 0.424 0.859 0.538 0.438 0.585 1.000 0.783 0.810
