(chameleon) 0.582 0.673 0.794 0.089 0.612 0.445 0.900 0.661 0.495 0.505 1.000 0.974 1.000
(frog) 0.383 0.726 0.769 0.035 0.509 0.385 0.822 0.555 0.437 0.620 1.000 0.835 0.960
(glowwormbeetle) 0.165 0.531 0.456 0.091 0.148 0.098 0.865 0.404 0.273 0.140 1.000 0.767 0.990
(scorpion1) 0.150 0.594 0.605 0.035 0.206 0.133 0.852 0.288 0.187 0.267 1.000 0.807 0.982
(scorpion2) 0.331 0.638 0.634 0.057 0.355 0.248 0.901 0.480 0.357 0.324 1.000 0.799 0.831
(scorpion3) 0.072 0.566 0.571 0.026 0.217 0.137 0.818 0.327 0.211 0.332 1.000 0.891 0.997
(scorpion4) 0.462 0.731 0.683 0.059 0.486 0.354 0.882 0.581 0.438 0.413 1.000 0.951 0.998
(snail) 0.754 0.921 0.946 0.019 0.866 0.778 0.994 0.936 0.880 0.928 1.000 0.980 1.000
(stickinsect) 0.027 0.513 0.596 0.026 0.053 0.031 0.902 0.085 0.052 0.103 1.000 0.404 0.868
(Dataset) wFm Sm meanEm MAE meanDic meanIoU maxEm maxDice maxIoU meanSen maxSen meanSpe maxSpe
 (CAD2016_gt) 0.325 0.655 0.673 0.048 0.384 0.290 0.810 0.445 0.337 0.404 1.000 0.823 0.916
