(chameleon) 0.768 0.825 0.882 0.051 0.769 0.639 0.933 0.812 0.694 0.682 1.000 0.987 1.000
(frog) 0.197 0.567 0.869 0.051 0.249 0.172 0.914 0.268 0.181 0.325 1.000 0.623 0.808
(glowwormbeetle) 0.414 0.635 0.721 0.066 0.426 0.310 0.881 0.536 0.383 0.356 1.000 0.971 0.993
(scorpion1) 0.153 0.549 0.800 0.025 0.187 0.123 0.840 0.195 0.129 0.242 1.000 0.732 0.915
(scorpion2) 0.232 0.565 0.639 0.058 0.247 0.160 0.792 0.309 0.206 0.210 1.000 0.669 0.775
(scorpion3) 0.222 0.590 0.717 0.008 0.265 0.175 0.755 0.279 0.186 0.436 1.000 0.768 0.987
(scorpion4) 0.444 0.682 0.701 0.059 0.449 0.335 0.847 0.478 0.359 0.381 1.000 0.868 0.967
(snail) 0.581 0.788 0.863 0.039 0.719 0.567 0.985 0.836 0.720 0.951 1.000 0.958 0.995
(stickinsect) 0.101 0.526 0.780 0.009 0.116 0.067 0.831 0.152 0.090 0.154 1.000 0.703 0.747
(Dataset) wFm Sm meanEm MAE meanDic meanIoU maxEm maxDice maxIoU meanSen maxSen meanSpe maxSpe
 (CAD2016_gt) 0.346 0.636 0.775 0.041 0.381 0.283 0.802 0.400 0.295 0.415 1.000 0.809 0.874
